5.438079308923196 0.6931471805599453
6.156978985585555 0.0
5.863631175598097 0.0
6.386879319362645 0.0
4.700480365792417 1.3862943611198906
4.709530201312334 1.6094379124341003
5.44673737166631 0.6931471805599453
4.718498871295094 1.0986122886681098
5.4510384535657 0.0
6.163314804034641 0.0
5.869296913133774 0.0
4.727387818712341 1.9459101490553132
5.455321115357702 1.0986122886681098
4.736198448394496 1.0986122886681098
4.74493212836325 2.3978952727983707
5.4638318050256105 0.0
4.7535901911063645 0.6931471805599453
5.8805329864007 0.0
4.762173934797756 1.0986122886681098
4.770684624465665 2.0794415416798357
5.476463551931511 0.0
4.77912349311153 1.791759469228055
6.814542897259958 0.0
2.302585092994046 6.738152494595957
2.3978952727983707 6.513230110912307
2.4849066497880004 6.313548046277095
2.5649493574615367 6.169610732491456
2.6390573296152584 6.028278520230698
2.70805020110221 5.91350300563827
2.772588722239781 5.793013608384144
2.833213344056216 5.771441123130016
2.8903717578961645 5.54907608489522
2.9444389791664403 5.424950017481403
5.8888779583328805 0.0
5.480638923341991 0.0
4.787491742782046 1.9459101490553132
5.8916442118257715 0.0
4.795790545596741 1.9459101490553132
-Infinity 19.977402963501216
0.0 11.747459893211117
5.8971538676367405 0.0
4.804021044733257 1.9459101490553132
7.00850518208228 0.0
5.493061443340548 0.0
0.6931471805599453 9.971753493206217
4.812184355372417 2.302585092994046
5.8998973535824915 0.0
5.497168225293202 0.0
1.0986122886681098 9.084550365917883
5.902633333401366 0.6931471805599453
4.820281565605037 1.3862943611198906
1.3862943611198906 8.508354242749032
5.5053315359323625 1.0986122886681098
4.8283137373023015 1.6094379124341003
6.1903154058531475 0.0
1.6094379124341003 8.042699496897637
5.5093883366279774 0.0
4.836281906951478 1.9459101490553132
5.908082938168931 0.0
1.791759469228055 7.681099001536359
4.844187086458591 1.6094379124341003
5.910796644040527 0.6931471805599453
1.9459101490553132 7.403670290012373
4.852030263919617 0.6931471805599453
5.517452896464707 0.0
2.0794415416798357 7.1204443723924875
4.859812404361672 1.6094379124341003
2.1972245773362196 6.926577033222725
2.995732273553991 5.356586274672012
3.044522437723423 5.225746673713202
6.833031732786201 0.0
3.091042453358316 5.220355825078324
6.834108738813838 0.0
3.1354942159291497 4.90527477843843
3.1780538303479458 4.8283137373023015
3.2188758248682006 4.736198448394496
3.258096538021482 4.820281565605037
3.295836866004329 4.634728988229636
3.332204510175204 4.68213122712422
3.367295829986474 4.499809670330265
6.907755278982137 0.0
6.19644412779452 0.0
5.521460917862246 0.0
4.867534450455582 0.6931471805599453
6.202535517187923 0.0
4.875197323201151 1.6094379124341003
5.529429087511423 0.0
4.882801922586371 1.3862943611198906
5.53338948872752 0.6931471805599453
5.537334267018537 0.0
4.890349128221754 0.6931471805599453
6.206575926724928 0.0
5.926926025970411 0.0
4.897839799950911 1.0986122886681098
4.90527477843843 1.0986122886681098
5.545177444479562 0.0
5.54907608489522 0.6931471805599453
6.212606095751519 0.0
4.912654885736052 1.0986122886681098
5.937536205082426 0.0
4.927253685157205 0.0
4.9344739331306915 1.6094379124341003
3.4011973816621555 4.59511985013459
3.4339872044851463 4.418840607796598
3.4657359027997265 4.477336814478207
3.4965075614664802 4.23410650459726
3.5263605246161616 4.127134385045092
3.5553480614894135 4.060443010546419
3.58351893845611 3.9512437185814275
3.6109179126442243 4.007333185232471
3.6375861597263857 4.23410650459726
3.6635616461296463 4.127134385045092
5.560681631015528 0.0
5.942799375126701 0.0
4.941642422609304 1.791759469228055
5.564520407322694 1.0986122886681098
4.948759890378168 0.6931471805599453
5.568344503761097 0.0
4.955827057601261 0.6931471805599453
5.575949103146316 0.0
4.962844630259907 0.6931471805599453
7.757051142032013 0.0
4.969813299576001 1.0986122886681098
5.579729825986222 0.0
5.955837369464831 0.0
5.583496308781699 1.0986122886681098
4.976733742420574 0.6931471805599453
4.983606621708336 0.6931471805599453
5.58724865840025 0.0
4.990432586778736 1.0986122886681098
5.5909869805108565 0.0
5.963579343618446 0.0
4.997212273764115 1.791759469228055
5.003946305945459 1.0986122886681098
3.6888794541139363 3.8918202981106265
3.713572066704308 3.9889840465642745
3.7376696182833684 3.6888794541139363
3.7612001156935624 3.713572066704308
3.784189633918261 3.6375861597263857
3.8066624897703196 4.02535169073515
3.828641396489095 3.713572066704308
3.8501476017100584 3.295836866004329
3.871201010907891 3.4339872044851463
3.8918202981106265 3.5263605246161616
5.598421958998375 0.0
5.971261839790462 0.0
5.605802066295998 0.6931471805599453
5.017279836814924 1.791759469228055
5.973809611869261 0.0
5.0238805208462765 0.0
5.030437921392435 1.3862943611198906
5.978885764901122 0.0
5.043425116919247 1.6094379124341003
5.62040086571715 0.0
6.925595197110468 0.0
5.983936280687191 0.0
7.037027614686276 0.0
5.6240175061873385 0.6931471805599453
5.049856007249537 1.0986122886681098
5.988961416889864 0.6931471805599453
5.056245805348308 1.0986122886681098
5.062595033026967 0.0
5.0689042022202315 0.6931471805599453
6.727431724850855 0.0
6.862757913051401 0.0
3.912023005428146 3.4011973816621555
6.5722825426940075 0.6931471805599453
3.9318256327243257 2.833213344056216
3.9512437185814275 3.044522437723423
3.970291913552122 3.5553480614894135
3.9889840465642745 2.772588722239781
4.007333185232471 3.044522437723423
4.02535169073515 3.1780538303479458
4.04305126783455 3.044522437723423
4.060443010546419 3.4011973816621555
4.07753744390572 3.091042453358316
5.634789603169249 0.6931471805599453
5.075173815233827 1.3862943611198906
5.087596335232384 1.3862943611198906
5.093750200806762 0.6931471805599453
5.099866427824199 1.0986122886681098
5.652489180268651 0.0
5.655991810819852 0.0
5.10594547390058 1.0986122886681098
5.111987788356544 1.791759469228055
5.659482215759621 0.0
5.117993812416755 0.0
7.046647277848756 0.0
5.666426688112432 0.0
5.123963979403259 0.6931471805599453
5.1298987149230735 1.3862943611198906
6.8679744089702925 0.0
6.738152494595957 0.0
4.0943445622221 3.2188758248682006
4.110873864173311 2.70805020110221
4.127134385045092 2.70805020110221
4.143134726391533 2.8903717578961645
4.1588830833596715 3.1780538303479458
4.174387269895637 2.70805020110221
4.189654742026425 2.8903717578961645
4.204692619390966 2.4849066497880004
4.219507705176107 2.9444389791664403
4.23410650459726 2.4849066497880004
7.60688453121963 0.0
5.66988092298052 0.0
5.135798437050262 0.6931471805599453
5.673323267171493 0.0
5.14166355650266 0.6931471805599453
5.147494476813453 0.0
5.680172609017068 0.0
5.153291594497779 0.0
5.159055299214529 1.3862943611198906
5.68697535633982 0.0
5.1647859739235145 0.6931471805599453
5.170483995038151 0.6931471805599453
5.176149732573829 1.3862943611198906
5.181783550292085 1.0986122886681098
5.700443573390687 0.6931471805599453
5.187385805840755 0.0
6.593044534142437 0.0
4.248495242049359 3.1780538303479458
4.2626798770413155 2.6390573296152584
6.601230118728877 0.0
4.276666119016055 3.1354942159291497
6.423246963533519 0.0
4.290459441148391 2.4849066497880004
4.30406509320417 2.6390573296152584
4.31748811353631 2.833213344056216
4.330733340286331 2.3978952727983707
4.343805421853684 2.4849066497880004
4.356708826689592 2.9444389791664403
4.3694478524670215 2.1972245773362196
5.198497031265826 0.0
5.204006687076795 0.6931471805599453
5.214935757608986 1.0986122886681098
5.220355825078324 0.0
5.225746673713202 0.6931471805599453
7.162397497355718 0.0
5.236441962829949 1.6094379124341003
5.241747015059643 0.0
6.608000625296087 0.0
6.429719478039138 0.0
6.214608098422191 0.0
4.382026634673881 3.091042453358316
6.436150368369428 0.0
4.394449154672439 2.5649493574615367
4.406719247264253 2.0794415416798357
6.22455842927536 0.0
4.418840607796598 2.833213344056216
4.430816798843313 2.6390573296152584
4.442651256490317 1.791759469228055
4.454347296253507 2.3978952727983707
4.465908118654584 2.0794415416798357
4.477336814478207 2.302585092994046
4.48863636973214 1.9459101490553132
5.247024072160486 0.6931471805599453
5.2574953720277815 0.6931471805599453
5.272999558563747 0.6931471805599453
5.278114659230517 0.0
5.2832037287379885 1.0986122886681098
7.945555428253489 0.0
5.293304824724492 1.0986122886681098
6.963189985870238 0.0
4.499809670330265 2.302585092994046
6.904750769961838 0.0
4.51085950651685 1.6094379124341003
4.5217885770490405 1.791759469228055
6.244166900663736 0.0
4.532599493153256 2.0794415416798357
4.543294782270004 1.9459101490553132
4.553876891600541 1.6094379124341003
6.249975242259483 0.0
4.564348191467836 2.3978952727983707
4.574710978503383 2.3978952727983707
4.584967478670572 2.3978952727983707
4.59511985013459 2.0794415416798357
6.976348070447749 0.0
5.991464547107982 0.0
6.470799503782602 0.0
6.472346294500901 0.0
7.908019444632471 0.0
6.0063531596017325 0.6931471805599453
6.008813185442595 0.0
6.0112671744041615 0.0
7.536363938404511 0.0
6.274762021241939 0.0
6.018593214496234 0.0
6.278521424165844 0.0
6.023447592961033 0.6931471805599453
6.490723534502507 0.0
7.325148957955575 0.0
8.881280595070423 0.0
6.040254711277414 0.0
5.703782474656201 0.0
6.042632833682381 0.0
6.499787040655854 0.0
6.300785794663244 0.0
6.049733455231958 0.0
6.304448802421981 0.0
6.056784013228625 0.6931471805599453
6.675823221634848 0.0
6.51025834052315 0.0
5.736572297479192 0.6931471805599453
6.315358001522335 0.6931471805599453
7.824445930877619 0.0
5.739792912179234 0.0
6.07073772800249 0.0
5.746203190540153 0.0
6.073044534100405 0.0
5.765191102784844 0.0
6.329720905522696 0.0
6.52649485957079 0.6931471805599453
5.768320995793772 0.6931471805599453
6.091309882077698 0.0
5.298317366548036 0.0
7.172424577124845 0.0
6.529418838262226 0.0
5.7745515455444085 0.0
5.303304908059076 0.0
5.308267697401205 1.3862943611198906
6.338594078203183 0.0
5.780743515792329 0.6931471805599453
7.415776975415394 0.0
5.318119993844216 0.0
6.104793232414985 0.6931471805599453
5.7899601708972535 0.0
5.327876168789581 0.0
5.332718793265369 1.0986122886681098
5.793013608384144 0.0
5.337538079701318 0.0
5.342334251964811 0.6931471805599453
7.2633296174768365 0.0
7.427144133408616 0.0
6.3473892096560105 0.0
6.111467339502679 0.0
5.3471075307174685 0.0
5.802118375377063 0.0
5.805134968916488 0.0
5.356586274672012 0.6931471805599453
5.808142489980444 0.0
5.811140992976701 0.6931471805599453
6.3561076606958915 0.0
5.365976015021851 0.0
5.817111159963204 0.0
5.3706380281276624 0.6931471805599453
6.124683390894205 0.0
5.375278407684165 1.0986122886681098
6.129050210060545 0.0
5.37989735354046 0.6931471805599453
5.389071729816501 0.0
7.1846291527173145 0.0
7.433666540166168 0.0
10.271112327661113 0.0
6.366470447731438 0.0
5.393627546352362 0.0
4.605170185988092 1.3862943611198906
5.3981627015177525 1.0986122886681098
5.834810737062605 0.0
4.61512051684126 2.4849066497880004
5.8377304471659395 0.0
5.402677381872279 0.0
5.407171771460119 0.0
4.624972813284271 1.6094379124341003
6.142037405587356 0.0
5.840641657373398 0.0
4.634728988229636 2.1972245773362196
5.4116460518550396 1.3862943611198906
4.6443908991413725 1.6094379124341003
5.846438775057725 1.0986122886681098
7.0909098220799835 0.0
4.653960350157523 1.791759469228055
5.420534999272286 0.6931471805599453
5.849324779946859 0.0
4.663439094112067 1.9459101490553132
5.424950017481403 0.0
4.672828834461906 2.0794415416798357
5.429345628954441 0.0
4.68213122712422 1.9459101490553132
4.6913478822291435 0.0
